 TIME y u
  1.00000000   0.00000000   2.71089909 
  2.00000000   0.00000000   4.29344667 
  3.00000000   6.24015525  -3.78590885 
  4.00000000 -10.88032050  -1.74609341 
  5.00000000   8.66139381   5.20667783 
  6.00000000  -2.32808244  -3.40283409 
  7.00000000  -2.18567101  -2.18468616 
  8.00000000   0.59465542  -4.89190183 
  9.00000000  -5.82320424  -6.61684492 
 10.00000000  -0.90145334   3.44831080 
 11.00000000   4.25228599  -3.71176856 
 12.00000000  -7.43556191  -3.35471721 
 13.00000000   2.90312678  -8.48956001 
 14.00000000 -10.22453769  -8.35584466 
 15.00000000  -0.10847907   6.20779835 
 16.00000000   7.87598290   4.93702890 
 17.00000000  -3.34128558  -5.22187173 
 18.00000000  -1.83290700  -1.72528657 
 19.00000000  -0.17780764  -5.03093979 
 20.00000000  -4.75150279  -1.09952361 
 21.00000000   3.18502707   2.58500096 
 22.00000000   0.23235044   2.96585526 
 23.00000000   2.17791930  -1.15591824 
 24.00000000  -2.61110634  -3.51727237 
 25.00000000  -1.56417891   1.15171404 
 26.00000000   2.94475143   3.09117288 
 27.00000000   0.49838127   1.12747072 
 28.00000000   0.20020107  -3.18615624 
 29.00000000  -3.04271034  -2.58714016 
 30.00000000  -0.13359467   4.23065246 
 31.00000000   4.82176649  -4.90140421 
 32.00000000  -9.66423374  -1.39150063 
 33.00000000   7.34168525  -7.78255454 
 34.00000000 -13.59978046  -4.03776302 
 35.00000000   6.77623807  -2.30494897 
 36.00000000  -6.02133810  -4.03068497 
 37.00000000  -1.14937770   5.15929989 
 38.00000000   8.59125259  -6.43206147 
 39.00000000 -16.05228777   2.52797879 
 40.00000000  17.92484527 -14.99420380 
 41.00000000 -30.62212354   0.02155568 
 42.00000000  25.82712487  -2.03608313 
 43.00000000 -21.44407230  -2.60304463 
 44.00000000  11.48401061  -3.31073848 
 45.00000000  -7.64813700  -1.76014067 
 46.00000000  -0.75086041  -2.86905809 
 47.00000000   3.14237480  -9.08953217 
 48.00000000 -16.25671724  -2.64515047 
 49.00000000  15.18714419  -2.66437247 
 50.00000000 -17.78881802   6.12550993 
 51.00000000  21.83359517  -1.36191356 
 52.00000000 -19.17564998   2.81850697 
 53.00000000  16.85498880   1.58607351 
 54.00000000  -9.38964609  -2.52557803 
 55.00000000   1.25118079   1.11800605 
 56.00000000   4.44971211   0.09027659 
 57.00000000  -7.59235186  -4.35212838 
 58.00000000   5.26567068  -9.24838917 
 59.00000000 -15.58623269   2.23864088 
 60.00000000  17.15324025  -1.59772465 
 61.00000000 -16.50657633  -7.01577632 
 62.00000000   5.86980577  -6.31180303 
 63.00000000  -8.71577407  -5.41348136 
 64.00000000  -0.42703654  -5.09631452 
 65.00000000  -1.80767484   2.72187073 
 66.00000000   1.97169102  -2.23902340 
 67.00000000  -2.00388226  -1.94120551 
 68.00000000  -1.72929028  -1.73841266 
 69.00000000   1.31694116  -5.43998100 
 70.00000000  -7.53983905  -7.41157359 
 71.00000000   0.02704252  -9.44577097 
 72.00000000  -9.42656276  -3.14875255 
 73.00000000   5.47805128  -8.80483796 
 74.00000000 -13.23378254  -9.21391871 
 75.00000000   1.91251242  -5.65536123 
 76.00000000  -5.70640818  -2.66397032 
 77.00000000   1.00529671  -0.50537344 
 78.00000000   0.31949060  -0.13580751 
 79.00000000  -1.87351923  -5.60479373 
 80.00000000  -2.74171872   0.55537766 
 81.00000000   2.19012962  -1.85156761 
 82.00000000  -3.03456651   1.06289449 
 83.00000000   3.26815379  -8.10562597 
 84.00000000 -10.30729044   4.99014694 
 85.00000000  13.50489242  -1.29823240 
 86.00000000 -11.95137284   2.54074305 
 87.00000000  11.00573825  -2.57472707 
 88.00000000  -9.59108043  -0.65669016 
 89.00000000   4.72305478  -3.38539239 
 90.00000000  -4.25187123   0.03716995 
 91.00000000   0.78235123  -3.04515113 
 92.00000000  -0.82926008 -11.60511670 
 93.00000000 -13.21013656   0.89147313 
 94.00000000  14.75998115   1.45197966 
 95.00000000 -12.37846995   0.65733649 
 96.00000000  10.97785082  -4.66748055 
 97.00000000 -12.91711311  -9.54172597 
 98.00000000  -0.12237235  -5.33721004 
 99.00000000  -2.53643683  -1.49274183 
100.00000000  -1.28388746  -0.16906972 
101.00000000   2.82090059  -2.02963237 
102.00000000  -5.79879478  -2.32129152 
103.00000000   3.82073704   3.00795682 
104.00000000  -0.58307864   0.58638852 
105.00000000   1.04343817   0.22527993 
106.00000000  -0.66766012  -2.41774922 
107.00000000  -1.91243221  -2.74512349 
108.00000000  -0.96138608  -8.07956657 
109.00000000  -7.11382059  -4.79967867 
110.00000000   1.67309830  -6.82519156 
111.00000000  -7.89601543   1.47629620 
112.00000000   8.17658057  -6.95642456 
113.00000000 -13.25244565  -8.31312961 
114.00000000   2.16715520  -5.02150180 
115.00000000  -4.70032002  -0.68505206 
116.00000000   1.46193740   0.54235999 
117.00000000   1.25567815   5.12604237 
118.00000000   2.09478657  -6.03102549 
119.00000000  -6.48072666   0.25499562 
120.00000000   4.69236221  -3.63939505 
121.00000000  -6.25712367  -2.05144708 
122.00000000   2.05449469  -0.61386965 
123.00000000  -0.75815924  -3.21502860 
124.00000000  -3.96112891  -8.11820683 
125.00000000  -3.43645933  -4.44090166 
126.00000000  -1.77055229   0.65015510 
127.00000000   3.19108501   4.16129859 
128.00000000   0.69050858  -2.39196312 
129.00000000  -2.75250614  -0.32383833 
130.00000000   2.01503009  -4.04171399 
131.00000000  -5.25693898  -1.08112937 
132.00000000   3.08160797  -0.66633837 
133.00000000  -2.50709471  -0.89531440 
134.00000000   0.27594384  -1.50993179 
135.00000000  -0.75300784  -0.83332787 
136.00000000  -0.99653057  -9.40395706 
137.00000000  -7.81050489  -1.33809579 
138.00000000   5.22207265  -0.53493804 
139.00000000  -4.22910555  -3.32237859 
140.00000000  -0.86080647  -1.06883682 
141.00000000   1.18600427  -1.25760232 
142.00000000  -3.49101493  -4.34432153 
143.00000000  -0.33915824   2.36684447 
144.00000000   2.28459417  -4.00138757 
145.00000000  -5.79126248   1.98610591 
146.00000000   6.88754336  -9.12864400 
147.00000000 -14.54186196  -2.60385354 
148.00000000   9.30811133   2.01274908 
149.00000000  -4.26332479   0.86209248 
150.00000000   2.27365674   0.99248957 
151.00000000   1.25946670  -6.44381035 
152.00000000  -9.62992518   1.86871566 
153.00000000  11.99370748   3.70155227 
154.00000000  -7.50666726  -5.35533940 
155.00000000   0.78957792   2.28889788 
156.00000000   2.59951106  -5.27523364 
157.00000000  -8.61890540  -0.39475580 
158.00000000   8.09787863  -7.04214780 
159.00000000 -14.10664918  -5.33696954 
160.00000000   6.54076353   1.15552052 
161.00000000  -3.05981002  -0.22272173 
162.00000000   0.69096009  -2.23743204 
163.00000000  -1.15705098   2.33841651 
164.00000000   2.01731863  -8.05198948 
165.00000000  -8.57808638  -5.68827310 
166.00000000   0.82607588  -6.83083745 
167.00000000  -5.89116838  -2.28857752 
168.00000000   1.67915040   4.20712447 
169.00000000   4.12038948   1.61279587 
170.00000000  -3.38136877  -1.98910790 
171.00000000   1.68441010   0.13068539 
172.00000000  -1.60444832   8.58598054 
173.00000000  10.15689931  -4.42125241 
174.00000000 -13.39374347  -0.16938499 
175.00000000  10.82005299   1.99632422 
176.00000000  -5.91224904  -6.45473341 
177.00000000  -3.27218116   0.00604334 
178.00000000   4.99966285  -1.71450023 
179.00000000  -7.59956789   0.13618904 
180.00000000   7.73236331  -8.38170617 
181.00000000 -15.51714908  -4.25523217 
182.00000000   9.45975965   7.57327933 
183.00000000   0.42980170  -4.33915970 
184.00000000  -6.69156654  -1.99359523 
185.00000000   5.47990538   0.12763635 
186.00000000  -5.36614504   7.05504839 
187.00000000  11.94553139  -6.72143962 
188.00000000 -16.93645553  -4.60226605 
189.00000000   9.19542864 -10.96530222 
190.00000000 -16.59773461   1.78511236 
191.00000000  13.66620772  -4.90488978 
192.00000000 -13.61504692  -0.23758419 
193.00000000   8.04229778   2.47447484 
194.00000000  -0.54421857   1.00798584 
195.00000000  -2.67631056  -5.19758655 
196.00000000   0.52839262  -1.51903145 
197.00000000  -4.37618019  -2.31388832 
198.00000000   3.39789670  -4.19926635 
199.00000000  -8.33466056  -2.58580166 
200.00000000   5.51175838  -9.39267726 
201.00000000 -14.25870036  -3.75791520 
202.00000000   8.78670361  -7.56612959 
203.00000000 -14.19413689  -5.70643245 
204.00000000   5.28190110  -6.52703308 
205.00000000  -8.72883479  -3.03327443 
206.00000000   2.37006045  -8.04756562 
207.00000000  -7.50505767  -4.41125231 
208.00000000   0.01352708  -3.76043200 
209.00000000  -1.44180369  -3.06695864 
210.00000000  -3.74048168  -5.56318951 
211.00000000  -0.56151601  -2.69565396 
212.00000000  -3.17226523   0.25621718 
213.00000000   3.81293714  -3.05922102 
214.00000000  -6.85693916  -0.59035027 
215.00000000   5.37999961  -6.13766382 
216.00000000 -10.31165601  -6.32523882 
217.00000000   1.76580218  -5.11902071 
218.00000000  -4.90662311   0.83916068 
219.00000000   3.58041400 -11.68329780 
220.00000000 -13.13233053  -5.39432565 
221.00000000   4.80577556  -3.96390291 
222.00000000  -5.97964730   4.15690939 
223.00000000   7.30149888  -4.10815955 
224.00000000  -8.49682709  -7.26524103 
225.00000000  -1.88486263  -7.35114958 
226.00000000  -3.18759164  -1.47080225 
227.00000000  -0.48566279   1.48140515 
228.00000000   3.72545507  -6.21713576 
229.00000000 -10.80197238  -0.20124612 
230.00000000  10.21083132  -6.82202318 
231.00000000 -15.65534087 -12.82890125 
232.00000000   0.00180197   4.07117445 
233.00000000   6.31966908  -0.64333813 
234.00000000  -8.22704167   0.55960625 
235.00000000   9.10838836  -2.67118930 
236.00000000 -11.04457767   0.40314069 
237.00000000   9.82414829  -7.62674030 
238.00000000 -15.07990796  -2.55526412 
239.00000000   9.15719699  -7.32804272 
240.00000000 -12.94740856  -7.97887117 
241.00000000   0.82757136  -6.80495342 
242.00000000  -4.21788890   1.74839302 
243.00000000   2.69370840   5.83221731 
244.00000000   6.17119013  -1.57018935 
245.00000000  -9.61919371  -6.44875588 
246.00000000   3.86462077  -1.09645414 
247.00000000  -4.96593529  -1.73694174 
248.00000000   2.65608345  -4.56448744 
249.00000000  -6.48261036  -1.99173069 
250.00000000   3.40826559   1.19936260 
251.00000000  -1.01624953   2.36420140 
252.00000000   2.06553573  -0.94541566 
253.00000000  -1.84381090   0.12007844 
254.00000000   0.89824465  -3.37985999 
255.00000000  -3.20814992   2.86941999 
256.00000000   4.95185414   0.22985194 
257.00000000  -3.27989570  -8.55869172 
258.00000000  -6.60153091  -5.55843919 
259.00000000   1.51310439  -5.97571208 
260.00000000  -7.72302167  -2.30143880 
261.00000000   4.90870752  -0.76211660 
262.00000000  -4.73591841  -9.23958227 
263.00000000  -5.60973050  -6.11169758 
264.00000000  -0.08479582   1.92112431 
265.00000000   1.76350644  -4.95979170 
266.00000000  -6.43468442  -4.06257047 
267.00000000   1.53536750   1.34856686 
268.00000000   0.53971863  -3.28251140 
269.00000000  -4.23060886  -3.47170634 
270.00000000   0.56231749  -4.00499778 
271.00000000  -4.52214489   0.28229963 
272.00000000   4.45777367  -6.09992732 
273.00000000  -9.97716525   5.03230278 
274.00000000  13.70373724  -1.85222215 
275.00000000 -13.08887128   2.08840924 
276.00000000  11.90276119  -1.41287569 
277.00000000  -9.40540413  -7.24479288 
278.00000000  -1.99789735  -3.76520934 
279.00000000   1.52368039  -3.65428548 
280.00000000  -7.86495164   5.42225604 
281.00000000  14.54054001 -12.04122598 
282.00000000 -26.25699487  -2.15719979 
283.00000000  21.09509343   3.53357892 
284.00000000 -12.99484796  -3.30133399 
285.00000000   4.63955684  -0.46744591 
286.00000000  -0.79020084   3.36840910 
287.00000000   0.70698520  -3.93426735 
288.00000000  -1.88167852   1.84330179 
289.00000000   1.36424270  -4.10712483 
290.00000000  -3.40508260  -2.61744873 
291.00000000  -1.17388437  -0.19378807 
292.00000000   2.37604500  -7.26560116 
293.00000000 -10.57359703   2.17390480 
294.00000000  12.36048368  -2.23863130 
295.00000000 -13.11270720  -0.26053117 
296.00000000  10.47304479   0.94764091 
297.00000000  -6.49936002   3.55660064 
298.00000000   6.80372183  -1.71124589 
299.00000000  -5.31742986   3.06510443 
300.00000000   5.47088732   1.89041008 
301.00000000  -0.73498798   5.13229669 
302.00000000   3.56007899  -1.67879586 
303.00000000  -3.18824835  -4.90089470 
304.00000000  -3.61098458  -5.71436407 
305.00000000  -0.79017281   0.55257228 
306.00000000   0.28563276   4.81146787 
307.00000000   5.43028279   1.55820543 
308.00000000  -4.21156548 -10.02493603 
309.00000000  -6.03605954  -0.00590142 
310.00000000   5.68047823  -4.77838101 
311.00000000  -9.67365760  -8.14839768 
312.00000000  -0.23716094  -7.31544844 
313.00000000  -5.73191317  -4.37357672 
314.00000000  -0.26007060  -1.31281497 
315.00000000   0.35328147   1.41424815 
316.00000000  -0.14153780  -6.55447217 
317.00000000  -5.54277789  -2.74447274 
318.00000000   1.70476458   2.42703522 
319.00000000   1.63740395  -1.17905334 
320.00000000  -3.38640469   3.33214818 
321.00000000   6.85888287  -2.03783806 
322.00000000  -8.18274773  -3.76987909 
323.00000000   3.06038338   1.21354626 
324.00000000  -0.36975537  -5.51147441 
325.00000000  -6.34154941  -4.78032421 
326.00000000   1.96759391  -3.88407661 
327.00000000  -5.98489484  -3.56337246 
328.00000000   1.83826145   3.95657298 
329.00000000   2.74732797   1.71591622 
330.00000000  -1.24335827  -3.19104187 
331.00000000  -1.92314743  -8.20991333 
332.00000000  -6.48341436  -5.58929931 
333.00000000   0.34908529  -3.56423014 
334.00000000  -3.45280388  -0.96956883 
335.00000000   1.64881031  -0.99882836 
336.00000000  -1.60950774   3.47362354 
337.00000000   4.07836642  -1.74646575 
338.00000000  -4.83096182  -6.79728746 
339.00000000  -3.36117443   0.18727633 
340.00000000   4.33965987  -8.06914526 
341.00000000 -12.61417307   7.05945139 
342.00000000  18.63567428  -9.02621198 
343.00000000 -24.94737963   2.19468501 
344.00000000  22.36393193   4.91552263 
345.00000000 -11.55755223  -2.08439091 
346.00000000   3.63330737  -1.50175223 
347.00000000  -0.06996219  -5.58627927 
348.00000000  -9.40397557   3.78030310 
349.00000000  15.31537037   3.65381111 
350.00000000 -11.81352220   5.40839474 
351.00000000  16.05864628  -1.59128293 
352.00000000 -15.03175994  -4.54363144 
353.00000000   6.92131833 -11.66876781 
354.00000000 -14.96094129  -7.57801276 
355.00000000   3.04744805  -3.40544171 
356.00000000  -2.61188286   3.29492894 
357.00000000   2.48872006  10.80454589 
358.00000000  11.18544953   3.32827990 
359.00000000  -8.90003470  -2.98078749 
360.00000000   5.99363733   3.90505115 
361.00000000  -1.47343320  -1.69904619 
362.00000000  -0.76709703   4.64465806 
363.00000000   5.80657772   0.86264406 
364.00000000  -4.67507786  -1.59823756 
365.00000000   2.27271664  -4.96839566 
366.00000000  -6.28476443   0.81370318 
367.00000000   5.60121857  -2.25921460 
368.00000000  -6.08326716  -6.87377486 
369.00000000  -2.68181563  -8.57251334 
370.00000000  -4.77991113  -1.43615188 
371.00000000   1.82488138  -5.22552999 
372.00000000  -5.51421800  -2.45412325 
373.00000000   1.30405354  -9.16009121 
374.00000000  -9.02743192   6.87288622 
375.00000000  13.90725674  -5.45630765 
376.00000000 -16.26111222  -2.68733129 
377.00000000   9.49403159   1.79698304 
378.00000000  -3.43741798   1.36546902 
379.00000000   1.04863362  -8.13337516 
380.00000000  -5.92973486  -5.18328376 
381.00000000  -2.62557927   6.30773807 
382.00000000  11.19408434  -2.60262313 
383.00000000 -14.62664089  -3.88860404 
384.00000000  10.05406922 -10.64440693 
385.00000000 -19.23969785  -9.43712349 
386.00000000   6.69912973  -5.56508483 
387.00000000  -9.15536213   0.65436987 
388.00000000   6.37194653  -9.65148001 
389.00000000 -12.55141609  -3.14477033 
390.00000000   5.45099234  -6.62499011 
391.00000000  -8.23671824  -2.59928870 
392.00000000   1.67637833   0.36918442 
393.00000000   2.20487849  -2.36673618 
394.00000000  -7.14996862   2.67805657 
395.00000000  11.11782896  -2.57016176 
396.00000000 -13.53987849   1.68558511 
397.00000000  13.49891126  -2.47431335 
398.00000000 -13.49862543 -10.52576587 
399.00000000  -0.30030338   6.51064932 
400.00000000   9.35463355   0.53365940 
401.00000000  -9.92739649  -5.43674890 
402.00000000   4.30319280   0.95183757 
403.00000000  -2.69978836  -2.21110434 
404.00000000  -0.39007622  -0.03910713 
405.00000000   0.97583051   1.08931513 
406.00000000  -0.30363214  -7.09401678 
407.00000000  -6.60602840  -5.93041878 
408.00000000  -0.02748708   0.37853873 
409.00000000   1.12854433  -5.19050332 
410.00000000  -6.98933205   5.20029076 
411.00000000  12.07499367   0.85104080 
412.00000000 -10.01607846   0.07837762 
413.00000000   7.85619594  -5.65794069 
414.00000000 -10.81166391  -5.45814529 
415.00000000   2.18346626   4.19438370 
416.00000000   4.65469755  -3.57955617 
417.00000000 -10.00784752   2.00971509 
418.00000000  12.29288104   3.50538387 
419.00000000  -7.73215808   0.70101346 
420.00000000   6.82585769  -6.85745138 
421.00000000 -11.53456234  -0.10537571 
422.00000000   8.54954055  -9.36637419 
423.00000000 -14.81945680  -2.31117769 
424.00000000   8.45780091  -4.70703086 
425.00000000  -9.06953867  -2.07782081 
426.00000000   2.82119629  -7.50942725 
427.00000000  -6.73344788  -1.19436819 
428.00000000   1.85120308   2.47550288 
429.00000000   3.82052819  -4.81888201 
430.00000000 -10.82704043  -1.19815600 
431.00000000  10.34194547  -3.54840102 
432.00000000 -13.44042844   0.01036590 
433.00000000  11.62021201   0.52391462 
434.00000000  -8.30828037   1.61184559 
435.00000000   6.86310633  -1.01706168 
436.00000000  -4.87719879   1.37342220 
437.00000000   3.45042524  -6.09218847 
438.00000000  -6.95057649  -4.53557208 
439.00000000  -0.46537751   0.64882390 
440.00000000   3.32063620  -5.86322997 
441.00000000 -10.61132536  -1.85888672 
442.00000000   8.80652280   0.80033226 
443.00000000  -7.10247373   2.74243356 
444.00000000   8.54540666 -12.98537152 
445.00000000 -19.68063540  -4.82538871 
446.00000000  11.32523246   4.09539276 
447.00000000  -3.39834907   1.01338676 
448.00000000   1.10528075  -6.56861789 
449.00000000  -4.78956426   2.84483144 
450.00000000   4.61922268  -5.90694921 
451.00000000  -7.68076586  -2.38560395 
452.00000000   2.13488055   4.32908840 
453.00000000   4.94926732  -7.32773748 
454.00000000 -14.02295559  -6.35766492 
455.00000000   7.63076085  -5.79742404 
456.00000000 -12.69976126  -3.19439228 
457.00000000   7.53287491  -9.35580829 
458.00000000 -14.39763710  10.01425405 
459.00000000  21.02207219  -4.40652521 
460.00000000 -20.73325434  -0.92177734 
461.00000000  14.06728234  -1.98648812 
462.00000000 -10.04910590  -4.70550412 
463.00000000  -0.33800355  -2.79227783 
464.00000000   1.98115606  -1.82784855 
465.00000000  -7.11496898  -7.41921383 
466.00000000   1.50832536   1.84379122 
467.00000000  -0.92458795   0.58294612 
468.00000000   2.33729909  -1.62928409 
469.00000000  -4.10439737  -4.02691680 
470.00000000  -0.15759823  -0.83158210 
471.00000000  -0.42222713  -5.39924313 
472.00000000  -5.28609304  -0.57616031 
473.00000000   4.39523477   4.95098029 
474.00000000   1.45131424  -0.35362860 
475.00000000  -2.40607462  -0.77521951 
476.00000000   1.93490874  -0.19553447 
477.00000000  -2.26662765   0.77543008 
478.00000000   2.93181786  -7.15805879 
479.00000000  -9.72690298   1.45829020 
480.00000000   9.84086135  -5.06696661 
481.00000000 -12.83151689  -6.22528450 
482.00000000   3.59261665  -2.50944376 
483.00000000  -3.30659279   1.62900016 
484.00000000   2.30527188   0.43752603 
485.00000000   0.35476846  -4.09780341 
486.00000000  -6.35169737  -1.25515313 
487.00000000   6.19693376  -8.02860192 
488.00000000 -14.56760906   1.86741051 
489.00000000  15.35258201  -6.98096915 
490.00000000 -19.82530438  -0.45731344 
491.00000000  15.28299958  -2.87600987 
492.00000000 -13.45222559   2.10021410 
493.00000000  10.42153821  -5.20154095 
494.00000000 -10.30121899  -1.47365948 
495.00000000   3.66946934  -4.06359466 
496.00000000  -3.22105918  -5.60537438 
497.00000000  -6.39693617  -6.46153446 
498.00000000   2.46994496  -8.75530510 
499.00000000 -13.11983582  -0.33560403 
500.00000000  12.94031156  -4.91988115 
